[gd_scene load_steps=6 format=2]

[ext_resource path="res://scripts/WurmWorld.gd" type="Script" id=1]
[ext_resource path="res://scripts/ConnectionHandler.gd" type="Script" id=7]
[ext_resource path="res://scripts/Play.gd" type="Script" id=8]

[sub_resource type="SpatialMaterial" id=1]
albedo_color = Color( 0.501961, 0.501961, 0.501961, 1 )

[sub_resource type="CubeMesh" id=2]
material = SubResource( 1 )
size = Vector3( 100, 0.05, 100 )

[node name="Play" type="Node"]
script = ExtResource( 8 )

[node name="ConnectionHandler" type="Node" parent="."]
script = ExtResource( 7 )

[node name="WurmWorld" type="Node" parent="."]
script = ExtResource( 1 )

[node name="OmniLight" type="OmniLight" parent="WurmWorld"]
transform = Transform( 1, 0, 0, 0, 1, 0, 0, 0, 1, 0.235101, 0.309176, 0.233439 )
visible = false

[node name="Camera" type="Camera" parent="WurmWorld"]
transform = Transform( 0.983531, 0, 0.180742, 0, 1, 0, -0.180742, 0, 0.983531, 0.831794, 0.536524, 0.945767 )

[node name="MeshInstance4" type="MeshInstance" parent="WurmWorld"]
transform = Transform( 0.981487, 0, 0.191529, 0, 1, 0, -0.191529, 0, 0.981487, 0, -0.025, 0 )
mesh = SubResource( 2 )
material/0 = null

[node name="DirectionalLight" type="DirectionalLight" parent="WurmWorld"]
transform = Transform( 0.796277, -0.348686, 0.49433, 0, 0.817165, 0.576404, -0.604933, -0.458977, 0.650689, 0, 0, 0 )
shadow_enabled = true

[node name="Players" type="Node" parent="WurmWorld"]

[node name="Chunks" type="Node" parent="WurmWorld"]

[node name="GUI" type="Control" parent="."]
margin_right = 40.0
margin_bottom = 40.0
__meta__ = {
"_edit_use_anchors_": false
}

[node name="BMLs" type="Control" parent="GUI"]
margin_right = 40.0
margin_bottom = 40.0
